Found /nfs/rscratch/cacox/WIB2.out of size 877920000 
Please enter the (positive integer) number of blocks you wish to read: 
Reading 10 frames of size 472 bytes 
Outputting DUNE WIB frame 0 information
104050452940431053
crate: 0 fiber: 0 slot: 0
000, 3ec, 1004
001, 3c0,  960
002, 427, 1063
003, 352,  850
004, 3f2, 1010
005, 3b0,  944
006, 40d, 1037
007, 3b4,  948
008, 4b5, 1205
009, 37b,  891
010, 452, 1106
011, 41f, 1055
012, 3ff, 1023
013, 3d8,  984
014, 400, 1024
015, 3e1,  993
016, 431, 1073
017, 391,  913
018, 519, 1305
019, 3c0,  960
020, 38d,  909
021, 470, 1136
022, 39e,  926
023, 45b, 1115
024, 345,  837
025, 433, 1075
026, 38c,  908
027, 3d4,  980
028, 435, 1077
029, 42d, 1069
030, 3a4,  932
031, 4e3, 1251
032, 454, 1108
033, 473, 1139
034, 3bb,  955
035, 481, 1153
036, 399,  921
037, 423, 1059
038, 4a9, 1193
039, 4d5, 1237
040, 3c3,  963
041, 3c2,  962
042, 520, 1312
043, 43a, 1082
044, 3d6,  982
045, 487, 1159
046, 3e3,  995
047, 3b0,  944
048, 462, 1122
049, 3d3,  979
050, 419, 1049
051, 3a5,  933
052, 4cf, 1231
053, 3d1,  977
054, 490, 1168
055, 46f, 1135
056, 3de,  990
057, 381,  897
058, 443, 1091
059, 3eb, 1003
060, 3b6,  950
061, 412, 1042
062, 440, 1088
063, 48c, 1164
064, 3ba,  954
065, 505, 1285
066, 38f,  911
067, 3ed, 1005
068, 39a,  922
069, 401, 1025
070, 365,  869
071, 48e, 1166
072, 4d5, 1237
073, 4db, 1243
074, 40b, 1035
075, 518, 1304
076, 42d, 1069
077, 447, 1095
078, 3d6,  982
079, 423, 1059
080, 439, 1081
081, 4a7, 1191
082, 406, 1030
083, 3b3,  947
084, 429, 1065
085, 472, 1138
086, 449, 1097
087, 3ef, 1007
088, 41c, 1052
089, 3b6,  950
090, 43e, 1086
091, 442, 1090
092, 41d, 1053
093, 4ad, 1197
094, 3f5, 1013
095, 3de,  990
096, 3cb,  971
097, 441, 1089
098, 451, 1105
099, 46b, 1131
100, 445, 1093
101, 4ed, 1261
102, 3be,  958
103, 412, 1042
104, 3f0, 1008
105, 4ba, 1210
106, 36a,  874
107, 40d, 1037
108, 382,  898
109, 416, 1046
110, 337,  823
111, 444, 1092
112, 33d,  829
113, 498, 1176
114, 338,  824
115, 414, 1044
116, 376,  886
117, 527, 1319
118, 38e,  910
119, 458, 1112
120, 350,  848
121, 456, 1110
122, 354,  852
123, 476, 1142
124, 384,  900
125, 416, 1046
126, 3b6,  950
127, 4b4, 1204
128, 420, 1056
129, 3f6, 1014
130, 3d4,  980
131, 43c, 1084
132, 429, 1065
133, 3a9,  937
134, 43f, 1087
135, 3b6,  950
136, 4f2, 1266
137, 3e5,  997
138, 43d, 1085
139, 435, 1077
140, 452, 1106
141, 42f, 1071
142, 452, 1106
143, 3c9,  969
144, 3c3,  963
145, 39f,  927
146, 4d9, 1241
147, 3c0,  960
148, 407, 1031
149, 36e,  878
150, 48a, 1162
151, 3b0,  944
152, 3cf,  975
153, 3d2,  978
154, 3f1, 1009
155, 36d,  877
156, 4d8, 1240
157, 3d8,  984
158, 481, 1153
159, 3dc,  988
160, 468, 1128
161, 3b5,  949
162, 4a8, 1192
163, 365,  869
164, 41f, 1055
165, 37d,  893
166, 52e, 1326
167, 353,  851
168, 3c3,  963
169, 36d,  877
170, 4ee, 1262
171, 3bb,  955
172, 3e1,  993
173, 489, 1161
174, 41b, 1051
175, 39b,  923
176, 3eb, 1003
177, 3df,  991
178, 372,  882
179, 385,  901
180, 448, 1096
181, 3e8, 1000
182, 3ea, 1002
183, 4c4, 1220
184, 416, 1046
185, 3a3,  931
186, 454, 1108
187, 39c,  924
188, 3f8, 1016
189, 39d,  925
190, 4c4, 1220
191, 435, 1077
192, 423, 1059
193, 4aa, 1194
194, 406, 1030
195, 3a2,  930
196, 431, 1073
197, 355,  853
198, 433, 1075
199, 346,  838
200, 4a8, 1192
201, 3c0,  960
202, 453, 1107
203, 469, 1129
204, 45a, 1114
205, 359,  857
206, 493, 1171
207, 325,  805
208, 3d6,  982
209, 4eb, 1259
210, 3e7,  999
211, 3b1,  945
212, 462, 1122
213, 436, 1078
214, 446, 1094
215, 3c4,  964
216, 4b6, 1206
217, 385,  901
218, 3eb, 1003
219, 439, 1081
220, 425, 1061
221, 452, 1106
222, 3cb,  971
223, 3af,  943
224, 3d5,  981
225, 38b,  907
226, 3d7,  983
227, 3e7,  999
228, 3e0,  992
229, 3a9,  937
230, 459, 1113
231, 3dd,  989
232, 3fb, 1019
233, 488, 1160
234, 436, 1078
235, 3e1,  993
236, 450, 1104
237, 3c1,  961
238, 462, 1122
239, 3d9,  985
240, 3cc,  972
241, 42d, 1069
242, 470, 1136
243, 375,  885
244, 45a, 1114
245, 40d, 1037
246, 451, 1105
247, 325,  805
248, 416, 1046
249, 373,  883
250, 457, 1111
251, 3bd,  957
252, 457, 1111
253, 33a,  826
254, 442, 1090
255, 38d,  909
Outputting DUNE WIB frame 1 information
104050452940431085
crate: 0 fiber: 0 slot: 0
000, 3f5, 1013
001, 3cf,  975
002, 433, 1075
003, 367,  871
004, 3ea, 1002
005, 3b6,  950
006, 411, 1041
007, 3b9,  953
008, 4b6, 1206
009, 378,  888
010, 452, 1106
011, 402, 1026
012, 400, 1024
013, 3e4,  996
014, 404, 1028
015, 3ef, 1007
016, 442, 1090
017, 378,  888
018, 512, 1298
019, 3b3,  947
020, 377,  887
021, 47d, 1149
022, 3a0,  928
023, 458, 1112
024, 34d,  845
025, 429, 1065
026, 398,  920
027, 3d3,  979
028, 427, 1063
029, 447, 1095
030, 3a2,  930
031, 4e1, 1249
032, 440, 1088
033, 474, 1140
034, 3c0,  960
035, 49d, 1181
036, 386,  902
037, 428, 1064
038, 4bf, 1215
039, 4c3, 1219
040, 3c0,  960
041, 3ce,  974
042, 527, 1319
043, 454, 1108
044, 3da,  986
045, 492, 1170
046, 3ee, 1006
047, 397,  919
048, 45e, 1118
049, 3d6,  982
050, 41d, 1053
051, 3a3,  931
052, 4b4, 1204
053, 3de,  990
054, 490, 1168
055, 466, 1126
056, 3f2, 1010
057, 38c,  908
058, 446, 1094
059, 3e6,  998
060, 3a4,  932
061, 404, 1028
062, 442, 1090
063, 487, 1159
064, 3b9,  953
065, 517, 1303
066, 385,  901
067, 3e2,  994
068, 38a,  906
069, 3ff, 1023
070, 363,  867
071, 480, 1152
072, 4e5, 1253
073, 4db, 1243
074, 405, 1029
075, 524, 1316
076, 42a, 1066
077, 44a, 1098
078, 3e4,  996
079, 429, 1065
080, 43d, 1085
081, 49c, 1180
082, 417, 1047
083, 3bc,  956
084, 41d, 1053
085, 472, 1138
086, 43c, 1084
087, 3eb, 1003
088, 41d, 1053
089, 3ae,  942
090, 43d, 1085
091, 431, 1073
092, 424, 1060
093, 4af, 1199
094, 3f6, 1014
095, 3ee, 1006
096, 3c9,  969
097, 443, 1091
098, 456, 1110
099, 458, 1112
100, 440, 1088
101, 4dc, 1244
102, 3c8,  968
103, 410, 1040
104, 3e2,  994
105, 4bd, 1213
106, 365,  869
107, 40a, 1034
108, 382,  898
109, 423, 1059
110, 33a,  826
111, 43f, 1087
112, 339,  825
113, 4a0, 1184
114, 332,  818
115, 415, 1045
116, 38c,  908
117, 524, 1316
118, 392,  914
119, 442, 1090
120, 34e,  846
121, 44c, 1100
122, 34a,  842
123, 474, 1140
124, 391,  913
125, 410, 1040
126, 3b4,  948
127, 4bd, 1213
128, 424, 1060
129, 3fe, 1022
130, 3c4,  964
131, 462, 1122
132, 42b, 1067
133, 39e,  926
134, 424, 1060
135, 3c5,  965
136, 4ee, 1262
137, 3d8,  984
138, 42f, 1071
139, 41e, 1054
140, 463, 1123
141, 446, 1094
142, 43e, 1086
143, 3d3,  979
144, 3c2,  962
145, 3a7,  935
146, 4c7, 1223
147, 3ca,  970
148, 410, 1040
149, 36e,  878
150, 4a3, 1187
151, 3b0,  944
152, 3d0,  976
153, 3e5,  997
154, 3e6,  998
155, 368,  872
156, 4e8, 1256
157, 3dd,  989
158, 484, 1156
159, 3e8, 1000
160, 47c, 1148
161, 3a4,  932
162, 4b2, 1202
163, 383,  899
164, 419, 1049
165, 370,  880
166, 521, 1313
167, 36b,  875
168, 3ca,  970
169, 36b,  875
170, 4d9, 1241
171, 3de,  990
172, 3ed, 1005
173, 496, 1174
174, 417, 1047
175, 380,  896
176, 3f1, 1009
177, 3f9, 1017
178, 375,  885
179, 382,  898
180, 456, 1110
181, 3df,  991
182, 3f5, 1013
183, 4bc, 1212
184, 416, 1046
185, 3ae,  942
186, 459, 1113
187, 398,  920
188, 40a, 1034
189, 3a9,  937
190, 4c8, 1224
191, 42d, 1069
192, 42f, 1071
193, 4a0, 1184
194, 41f, 1055
195, 38d,  909
196, 432, 1074
197, 35b,  859
198, 429, 1065
199, 359,  857
200, 49f, 1183
201, 3bc,  956
202, 44e, 1102
203, 477, 1143
204, 458, 1112
205, 34f,  847
206, 47b, 1147
207, 321,  801
208, 3d7,  983
209, 4f6, 1270
210, 3f2, 1010
211, 3a4,  932
212, 47c, 1148
213, 433, 1075
214, 435, 1077
215, 3c2,  962
216, 4ba, 1210
217, 386,  902
218, 3f4, 1012
219, 42b, 1067
220, 43a, 1082
221, 45c, 1116
222, 3dd,  989
223, 3a6,  934
224, 3ee, 1006
225, 39a,  922
226, 3dc,  988
227, 3e9, 1001
228, 3e2,  994
229, 3c4,  964
230, 473, 1139
231, 3e7,  999
232, 403, 1027
233, 495, 1173
234, 429, 1065
235, 3de,  990
236, 442, 1090
237, 3cf,  975
238, 466, 1126
239, 3d4,  980
240, 3d4,  980
241, 41a, 1050
242, 473, 1139
243, 37f,  895
244, 448, 1096
245, 411, 1041
246, 445, 1093
247, 31f,  799
248, 42f, 1071
249, 376,  886
250, 44e, 1102
251, 3c2,  962
252, 469, 1129
253, 33b,  827
254, 448, 1096
255, 38a,  906
Outputting DUNE WIB frame 2 information
104050452940431117
crate: 0 fiber: 0 slot: 0
000, 3fd, 1021
001, 3e0,  992
002, 429, 1065
003, 375,  885
004, 3ec, 1004
005, 3ac,  940
006, 423, 1059
007, 3c6,  966
008, 4ba, 1210
009, 36f,  879
010, 462, 1122
011, 3ec, 1004
012, 417, 1047
013, 3ca,  970
014, 419, 1049
015, 3f2, 1010
016, 447, 1095
017, 377,  887
018, 50a, 1290
019, 396,  918
020, 374,  884
021, 486, 1158
022, 3aa,  938
023, 43f, 1087
024, 34c,  844
025, 412, 1042
026, 39a,  922
027, 3d4,  980
028, 42a, 1066
029, 457, 1111
030, 3a8,  936
031, 4d9, 1241
032, 43f, 1087
033, 474, 1140
034, 3d3,  979
035, 4af, 1199
036, 37c,  892
037, 42f, 1071
038, 4c5, 1221
039, 4b4, 1204
040, 3cd,  973
041, 3cc,  972
042, 531, 1329
043, 467, 1127
044, 3ea, 1002
045, 49f, 1183
046, 3ef, 1007
047, 37f,  895
048, 45c, 1116
049, 3d5,  981
050, 416, 1046
051, 3a5,  933
052, 48e, 1166
053, 3fa, 1018
054, 488, 1160
055, 45d, 1117
056, 3df,  991
057, 38f,  911
058, 459, 1113
059, 3df,  991
060, 3a1,  929
061, 408, 1032
062, 43f, 1087
063, 489, 1161
064, 3bd,  957
065, 51a, 1306
066, 37f,  895
067, 3e7,  999
068, 394,  916
069, 3e5,  997
070, 36d,  877
071, 468, 1128
072, 504, 1284
073, 4cb, 1227
074, 416, 1046
075, 532, 1330
076, 438, 1080
077, 44f, 1103
078, 3f7, 1015
079, 42b, 1067
080, 435, 1077
081, 4aa, 1194
082, 41d, 1053
083, 3c7,  967
084, 417, 1047
085, 475, 1141
086, 437, 1079
087, 3f3, 1011
088, 40f, 1039
089, 3ae,  942
090, 440, 1088
091, 429, 1065
092, 429, 1065
093, 4af, 1199
094, 3f3, 1011
095, 3fb, 1019
096, 3d5,  981
097, 44d, 1101
098, 45b, 1115
099, 447, 1095
100, 449, 1097
101, 4ce, 1230
102, 3db,  987
103, 40c, 1036
104, 3ca,  970
105, 4c9, 1225
106, 368,  872
107, 413, 1043
108, 377,  887
109, 427, 1063
110, 345,  837
111, 432, 1074
112, 344,  836
113, 4a4, 1188
114, 33c,  828
115, 420, 1056
116, 39a,  922
117, 51d, 1309
118, 390,  912
119, 42c, 1068
120, 358,  856
121, 439, 1081
122, 343,  835
123, 461, 1121
124, 3af,  943
125, 40b, 1035
126, 3b8,  952
127, 4b2, 1202
128, 41f, 1055
129, 3fb, 1019
130, 3b0,  944
131, 473, 1139
132, 42f, 1071
133, 390,  912
134, 411, 1041
135, 3ca,  970
136, 4e5, 1253
137, 3c9,  969
138, 425, 1061
139, 414, 1044
140, 476, 1142
141, 44c, 1100
142, 439, 1081
143, 3d5,  981
144, 3c5,  965
145, 39f,  927
146, 4c5, 1221
147, 3da,  986
148, 418, 1048
149, 37a,  890
150, 4b6, 1206
151, 3b2,  946
152, 3e7,  999
153, 3f3, 1011
154, 3de,  990
155, 34e,  846
156, 4ef, 1263
157, 3d2,  978
158, 486, 1158
159, 3ee, 1006
160, 48d, 1165
161, 3a2,  930
162, 4b7, 1207
163, 3af,  943
164, 409, 1033
165, 368,  872
166, 51a, 1306
167, 365,  869
168, 3d2,  978
169, 369,  873
170, 4ce, 1230
171, 3f6, 1014
172, 3e9, 1001
173, 49a, 1178
174, 41c, 1052
175, 35f,  863
176, 400, 1024
177, 3f5, 1013
178, 37a,  890
179, 388,  904
180, 479, 1145
181, 3df,  991
182, 3f6, 1014
183, 4a8, 1192
184, 408, 1032
185, 3b0,  944
186, 461, 1121
187, 39f,  927
188, 403, 1027
189, 3b9,  953
190, 4d3, 1235
191, 43b, 1083
192, 427, 1063
193, 489, 1161
194, 426, 1062
195, 387,  903
196, 44c, 1100
197, 35c,  860
198, 431, 1073
199, 35a,  858
200, 4ac, 1196
201, 3b0,  944
202, 46e, 1134
203, 47e, 1150
204, 45a, 1114
205, 33c,  828
206, 45c, 1116
207, 340,  832
208, 3d6,  982
209, 4f3, 1267
210, 3f7, 1015
211, 3a0,  928
212, 494, 1172
213, 439, 1081
214, 42c, 1068
215, 3b5,  949
216, 4ab, 1195
217, 382,  898
218, 40b, 1035
219, 426, 1062
220, 44d, 1101
221, 468, 1128
222, 3de,  990
223, 3a6,  934
224, 401, 1025
225, 3a8,  936
226, 3e7,  999
227, 3e3,  995
228, 3e8, 1000
229, 3e3,  995
230, 474, 1140
231, 3ea, 1002
232, 411, 1041
233, 493, 1171
234, 41e, 1054
235, 3d9,  985
236, 438, 1080
237, 3e1,  993
238, 46a, 1130
239, 3c8,  968
240, 3e2,  994
241, 408, 1032
242, 474, 1140
243, 39a,  922
244, 441, 1089
245, 408, 1032
246, 442, 1090
247, 31d,  797
248, 443, 1091
249, 379,  889
250, 450, 1104
251, 3c4,  964
252, 475, 1141
253, 342,  834
254, 44d, 1101
255, 380,  896
Outputting DUNE WIB frame 3 information
104050452940431149
crate: 0 fiber: 0 slot: 0
000, 3ff, 1023
001, 3e0,  992
002, 41b, 1051
003, 37a,  890
004, 3fd, 1021
005, 392,  914
006, 42b, 1067
007, 3cf,  975
008, 4ab, 1195
009, 370,  880
010, 475, 1141
011, 3df,  991
012, 434, 1076
013, 3a2,  930
014, 42c, 1068
015, 3f5, 1013
016, 44b, 1099
017, 37d,  893
018, 500, 1280
019, 38a,  906
020, 372,  882
021, 496, 1174
022, 39f,  927
023, 424, 1060
024, 34d,  845
025, 400, 1024
026, 398,  920
027, 3d9,  985
028, 43b, 1083
029, 45c, 1116
030, 3af,  943
031, 4d0, 1232
032, 448, 1096
033, 47a, 1146
034, 3f0, 1008
035, 4ad, 1197
036, 37a,  890
037, 449, 1097
038, 4c1, 1217
039, 4b1, 1201
040, 3da,  986
041, 3b6,  950
042, 536, 1334
043, 466, 1126
044, 408, 1032
045, 4a2, 1186
046, 3ed, 1005
047, 37b,  891
048, 45b, 1115
049, 3ce,  974
050, 416, 1046
051, 3aa,  938
052, 47e, 1150
053, 422, 1058
054, 488, 1160
055, 466, 1126
056, 3c9,  969
057, 390,  912
058, 47b, 1147
059, 3da,  986
060, 3ab,  939
061, 412, 1042
062, 443, 1091
063, 488, 1160
064, 3c2,  962
065, 516, 1302
066, 377,  887
067, 3f6, 1014
068, 3aa,  938
069, 3cf,  975
070, 36f,  879
071, 44d, 1101
072, 515, 1301
073, 4c9, 1225
074, 428, 1064
075, 544, 1348
076, 44e, 1102
077, 450, 1104
078, 40f, 1039
079, 410, 1040
080, 435, 1077
081, 4c3, 1219
082, 414, 1044
083, 3cb,  971
084, 40f, 1039
085, 46e, 1134
086, 44e, 1102
087, 3fb, 1019
088, 404, 1028
089, 3ac,  940
090, 44d, 1101
091, 422, 1058
092, 42d, 1069
093, 4b3, 1203
094, 3f3, 1011
095, 40d, 1037
096, 3ea, 1002
097, 44c, 1100
098, 466, 1126
099, 438, 1080
100, 459, 1113
101, 4bf, 1215
102, 3e4,  996
103, 413, 1043
104, 3ad,  941
105, 4d0, 1232
106, 368,  872
107, 416, 1046
108, 369,  873
109, 40f, 1039
110, 34d,  845
111, 428, 1064
112, 34a,  842
113, 4a3, 1187
114, 355,  853
115, 434, 1076
116, 398,  920
117, 51d, 1309
118, 394,  916
119, 41b, 1051
120, 35e,  862
121, 426, 1062
122, 33e,  830
123, 45b, 1115
124, 3b6,  950
125, 41b, 1051
126, 3c1,  961
127, 4ab, 1195
128, 410, 1040
129, 3f8, 1016
130, 3b1,  945
131, 469, 1129
132, 433, 1075
133, 394,  916
134, 401, 1025
135, 3b5,  949
136, 4e2, 1250
137, 3ba,  954
138, 415, 1045
139, 420, 1056
140, 47c, 1148
141, 441, 1089
142, 42f, 1071
143, 3eb, 1003
144, 3d3,  979
145, 38e,  910
146, 4cc, 1228
147, 3f5, 1013
148, 414, 1044
149, 390,  912
150, 4a5, 1189
151, 3bb,  955
152, 3f1, 1009
153, 401, 1025
154, 3e2,  994
155, 335,  821
156, 4ef, 1263
157, 3c7,  967
158, 48a, 1162
159, 3d6,  982
160, 493, 1171
161, 3b4,  948
162, 4c7, 1223
163, 3c5,  965
164, 3ff, 1023
165, 35f,  863
166, 51c, 1308
167, 345,  837
168, 3d0,  976
169, 368,  872
170, 4cf, 1231
171, 3fd, 1021
172, 3e7,  999
173, 489, 1161
174, 425, 1061
175, 345,  837
176, 412, 1042
177, 3ee, 1006
178, 379,  889
179, 398,  920
180, 496, 1174
181, 3f7, 1015
182, 3e5,  997
183, 49a, 1178
184, 3fb, 1019
185, 3aa,  938
186, 463, 1123
187, 3a2,  930
188, 3fc, 1020
189, 3bf,  959
190, 4db, 1243
191, 43f, 1087
192, 421, 1057
193, 481, 1153
194, 428, 1064
195, 38e,  910
196, 46b, 1131
197, 371,  881
198, 43f, 1087
199, 35f,  863
200, 4b1, 1201
201, 39a,  922
202, 484, 1156
203, 47d, 1149
204, 466, 1126
205, 332,  818
206, 446, 1094
207, 377,  887
208, 3d0,  976
209, 4db, 1243
210, 404, 1028
211, 3b0,  944
212, 49b, 1179
213, 43f, 1087
214, 434, 1076
215, 3ae,  942
216, 497, 1175
217, 371,  881
218, 417, 1047
219, 427, 1063
220, 456, 1110
221, 473, 1139
222, 3e6,  998
223, 3b5,  949
224, 403, 1027
225, 3a3,  931
226, 3fb, 1019
227, 3da,  986
228, 3e5,  997
229, 3f0, 1008
230, 466, 1126
231, 3ec, 1004
232, 416, 1046
233, 48a, 1162
234, 429, 1065
235, 3d4,  980
236, 43c, 1084
237, 3fd, 1021
238, 459, 1113
239, 3bd,  957
240, 3ec, 1004
241, 40e, 1038
242, 46e, 1134
243, 3ae,  942
244, 445, 1093
245, 3f2, 1010
246, 448, 1096
247, 313,  787
248, 445, 1093
249, 37c,  892
250, 457, 1111
251, 3a7,  935
252, 475, 1141
253, 341,  833
254, 441, 1089
255, 382,  898
Outputting DUNE WIB frame 4 information
104050452940431181
crate: 0 fiber: 0 slot: 0
000, 408, 1032
001, 3cf,  975
002, 40c, 1036
003, 379,  889
004, 404, 1028
005, 38a,  906
006, 42e, 1070
007, 3bd,  957
008, 499, 1177
009, 374,  884
010, 484, 1156
011, 3d1,  977
012, 447, 1095
013, 391,  913
014, 423, 1059
015, 401, 1025
016, 454, 1108
017, 379,  889
018, 4fb, 1275
019, 382,  898
020, 386,  902
021, 49b, 1179
022, 396,  918
023, 413, 1043
024, 354,  852
025, 40b, 1035
026, 396,  918
027, 3ee, 1006
028, 45a, 1114
029, 444, 1092
030, 3bd,  957
031, 4c6, 1222
032, 44d, 1101
033, 47d, 1149
034, 40a, 1034
035, 4a3, 1187
036, 37c,  892
037, 462, 1122
038, 4b3, 1203
039, 4b8, 1208
040, 3e7,  999
041, 3a8,  936
042, 538, 1336
043, 459, 1113
044, 417, 1047
045, 499, 1177
046, 3e1,  993
047, 386,  902
048, 459, 1113
049, 3cc,  972
050, 41b, 1051
051, 3ac,  940
052, 483, 1155
053, 43b, 1083
054, 482, 1154
055, 470, 1136
056, 3bd,  957
057, 38d,  909
058, 490, 1168
059, 3ce,  974
060, 3b9,  953
061, 421, 1057
062, 435, 1077
063, 49b, 1179
064, 3c2,  962
065, 521, 1313
066, 37a,  890
067, 3fc, 1020
068, 3b8,  952
069, 3cd,  973
070, 378,  888
071, 438, 1080
072, 50f, 1295
073, 4e2, 1250
074, 430, 1072
075, 543, 1347
076, 45b, 1115
077, 443, 1091
078, 422, 1058
079, 3fd, 1021
080, 435, 1077
081, 4cf, 1231
082, 410, 1040
083, 3bd,  957
084, 404, 1028
085, 46c, 1132
086, 468, 1128
087, 3fc, 1020
088, 3f9, 1017
089, 3b1,  945
090, 458, 1112
091, 41d, 1053
092, 42d, 1069
093, 4c2, 1218
094, 3ea, 1002
095, 41e, 1054
096, 3f5, 1013
097, 449, 1097
098, 46b, 1131
099, 43c, 1084
100, 45e, 1118
101, 4b8, 1208
102, 3e5,  997
103, 41c, 1052
104, 3a6,  934
105, 4d1, 1233
106, 363,  867
107, 40b, 1035
108, 36d,  877
109, 3ef, 1007
110, 34c,  844
111, 42b, 1067
112, 34b,  843
113, 49a, 1178
114, 36d,  877
115, 452, 1106
116, 390,  912
117, 534, 1332
118, 39d,  925
119, 422, 1058
120, 35f,  863
121, 418, 1048
122, 33e,  830
123, 45f, 1119
124, 3a5,  933
125, 42e, 1070
126, 3cb,  971
127, 4a7, 1191
128, 408, 1032
129, 3f7, 1015
130, 3c6,  966
131, 448, 1096
132, 42e, 1070
133, 3a3,  931
134, 3f7, 1015
135, 399,  921
136, 4d3, 1235
137, 3ab,  939
138, 409, 1033
139, 42f, 1071
140, 473, 1139
141, 424, 1060
142, 428, 1064
143, 3fa, 1018
144, 3cf,  975
145, 372,  882
146, 4d5, 1237
147, 412, 1042
148, 409, 1033
149, 3ac,  940
150, 47f, 1151
151, 3bf,  959
152, 3e9, 1001
153, 412, 1042
154, 3ed, 1005
155, 326,  806
156, 4e6, 1254
157, 3cc,  972
158, 485, 1157
159, 3c1,  961
160, 49a, 1178
161, 3d5,  981
162, 4c9, 1225
163, 3bb,  955
164, 3fa, 1018
165, 350,  848
166, 525, 1317
167, 336,  822
168, 3be,  958
169, 372,  882
170, 4ea, 1258
171, 3f2, 1010
172, 3dd,  989
173, 47d, 1149
174, 427, 1063
175, 343,  835
176, 40f, 1039
177, 3ec, 1004
178, 36d,  877
179, 3a8,  936
180, 4ae, 1198
181, 404, 1028
182, 3d2,  978
183, 4a0, 1184
184, 3ff, 1023
185, 3ac,  940
186, 460, 1120
187, 3ad,  941
188, 3f8, 1016
189, 3c5,  965
190, 4d2, 1234
191, 42b, 1067
192, 41e, 1054
193, 483, 1155
194, 420, 1056
195, 39b,  923
196, 469, 1129
197, 389,  905
198, 451, 1105
199, 35e,  862
200, 4b5, 1205
201, 37b,  891
202, 47b, 1147
203, 47a, 1146
204, 46d, 1133
205, 32f,  815
206, 447, 1095
207, 3a4,  932
208, 3c6,  966
209, 4cf, 1231
210, 413, 1043
211, 3c7,  967
212, 4aa, 1194
213, 448, 1096
214, 44c, 1100
215, 3b2,  946
216, 489, 1161
217, 36f,  879
218, 419, 1049
219, 424, 1060
220, 445, 1093
221, 468, 1128
222, 3eb, 1003
223, 3c9,  969
224, 3ff, 1023
225, 39b,  923
226, 413, 1043
227, 3e1,  993
228, 3dc,  988
229, 3f6, 1014
230, 452, 1106
231, 3f2, 1010
232, 413, 1043
233, 485, 1157
234, 430, 1072
235, 3d5,  981
236, 44a, 1098
237, 40a, 1034
238, 446, 1094
239, 3bc,  956
240, 3f3, 1011
241, 41d, 1053
242, 464, 1124
243, 3b4,  948
244, 458, 1112
245, 3ec, 1004
246, 459, 1113
247, 30d,  781
248, 443, 1091
249, 37c,  892
250, 45f, 1119
251, 393,  915
252, 477, 1143
253, 34f,  847
254, 43c, 1084
255, 38a,  906
Outputting DUNE WIB frame 5 information
104050452940431213
crate: 0 fiber: 0 slot: 0
000, 419, 1049
001, 3aa,  938
002, 409, 1033
003, 387,  903
004, 408, 1032
005, 389,  905
006, 42f, 1071
007, 3ab,  939
008, 48a, 1162
009, 380,  896
010, 48b, 1163
011, 3d4,  980
012, 467, 1127
013, 3a8,  936
014, 416, 1046
015, 40b, 1035
016, 46a, 1130
017, 36d,  877
018, 4f4, 1268
019, 38d,  909
020, 3a2,  930
021, 49e, 1182
022, 380,  896
023, 401, 1025
024, 35a,  858
025, 422, 1058
026, 393,  915
027, 404, 1028
028, 466, 1126
029, 43a, 1082
030, 3bf,  959
031, 4be, 1214
032, 454, 1108
033, 48b, 1163
034, 40a, 1034
035, 4a9, 1193
036, 37f,  895
037, 476, 1142
038, 4aa, 1194
039, 4ca, 1226
040, 3e2,  994
041, 3ae,  942
042, 54d, 1357
043, 447, 1095
044, 42b, 1067
045, 48f, 1167
046, 3c7,  967
047, 395,  917
048, 461, 1121
049, 3d9,  985
050, 42d, 1069
051, 3ab,  939
052, 48d, 1165
053, 445, 1093
054, 481, 1153
055, 463, 1123
056, 3bc,  956
057, 3a1,  929
058, 492, 1170
059, 3cf,  975
060, 3b5,  949
061, 42e, 1070
062, 423, 1059
063, 4a0, 1184
064, 3b3,  947
065, 52e, 1326
066, 383,  899
067, 3f5, 1013
068, 3bd,  957
069, 3d1,  977
070, 381,  897
071, 42b, 1067
072, 503, 1283
073, 4ff, 1279
074, 439, 1081
075, 548, 1352
076, 456, 1110
077, 441, 1089
078, 431, 1073
079, 401, 1025
080, 436, 1078
081, 4d4, 1236
082, 40d, 1037
083, 3ab,  939
084, 405, 1029
085, 46a, 1130
086, 46c, 1132
087, 3f7, 1015
088, 3ea, 1002
089, 3c2,  962
090, 45a, 1114
091, 41b, 1051
092, 427, 1063
093, 4c5, 1221
094, 3e2,  994
095, 41f, 1055
096, 3f6, 1014
097, 452, 1106
098, 47c, 1148
099, 442, 1090
100, 466, 1126
101, 4bf, 1215
102, 3e8, 1000
103, 429, 1065
104, 3b5,  949
105, 4d2, 1234
106, 36d,  877
107, 3fd, 1021
108, 37f,  895
109, 3dc,  988
110, 34f,  847
111, 43b, 1083
112, 35a,  858
113, 494, 1172
114, 37c,  892
115, 457, 1111
116, 386,  902
117, 549, 1353
118, 3a0,  928
119, 437, 1079
120, 368,  872
121, 415, 1045
122, 351,  849
123, 466, 1126
124, 399,  921
125, 43d, 1085
126, 3d5,  981
127, 4af, 1199
128, 407, 1031
129, 3ed, 1005
130, 3cf,  975
131, 42a, 1066
132, 42f, 1071
133, 3b3,  947
134, 3e3,  995
135, 390,  912
136, 4d8, 1240
137, 395,  917
138, 40a, 1034
139, 432, 1074
140, 46b, 1131
141, 413, 1043
142, 42c, 1068
143, 3fd, 1021
144, 3c8,  968
145, 371,  881
146, 4ee, 1262
147, 41b, 1051
148, 410, 1040
149, 3c2,  962
150, 461, 1121
151, 3bb,  955
152, 3ee, 1006
153, 417, 1047
154, 407, 1031
155, 32b,  811
156, 4e1, 1249
157, 3dc,  988
158, 47b, 1147
159, 3c8,  968
160, 49c, 1180
161, 40f, 1039
162, 4b7, 1207
163, 3b2,  946
164, 409, 1033
165, 343,  835
166, 533, 1331
167, 34a,  842
168, 3be,  958
169, 367,  871
170, 4ff, 1279
171, 3ec, 1004
172, 3e5,  997
173, 480, 1152
174, 41f, 1055
175, 34c,  844
176, 406, 1030
177, 3ed, 1005
178, 360,  864
179, 3ab,  939
180, 4af, 1199
181, 3f9, 1017
182, 3e3,  995
183, 49d, 1181
184, 40f, 1039
185, 3b7,  951
186, 45a, 1114
187, 3bb,  955
188, 3f6, 1014
189, 3d4,  980
190, 4c1, 1217
191, 408, 1032
192, 42b, 1067
193, 495, 1173
194, 40b, 1035
195, 3ab,  939
196, 460, 1120
197, 399,  921
198, 44d, 1101
199, 35b,  859
200, 4be, 1214
201, 361,  865
202, 474, 1140
203, 47f, 1151
204, 46d, 1133
205, 323,  803
206, 454, 1108
207, 3b4,  948
208, 3c7,  967
209, 4cc, 1228
210, 424, 1060
211, 3ce,  974
212, 4a6, 1190
213, 444, 1092
214, 454, 1108
215, 3c2,  962
216, 477, 1143
217, 37d,  893
218, 40a, 1034
219, 419, 1049
220, 437, 1079
221, 467, 1127
222, 3f3, 1011
223, 3ce,  974
224, 405, 1029
225, 399,  921
226, 425, 1061
227, 3eb, 1003
228, 3d4,  980
229, 3ea, 1002
230, 439, 1081
231, 3eb, 1003
232, 401, 1025
233, 47f, 1151
234, 432, 1074
235, 3cb,  971
236, 45c, 1116
237, 404, 1028
238, 444, 1092
239, 3bb,  955
240, 3fd, 1021
241, 423, 1059
242, 457, 1111
243, 3a1,  929
244, 46f, 1135
245, 3e3,  995
246, 451, 1105
247, 303,  771
248, 433, 1075
249, 37f,  895
250, 456, 1110
251, 387,  903
252, 469, 1129
253, 363,  867
254, 42f, 1071
255, 39c,  924
Outputting DUNE WIB frame 6 information
104050452940431245
crate: 0 fiber: 0 slot: 0
000, 413, 1043
001, 386,  902
002, 411, 1041
003, 385,  901
004, 418, 1048
005, 37a,  890
006, 424, 1060
007, 390,  912
008, 490, 1168
009, 38b,  907
010, 486, 1158
011, 3d7,  983
012, 473, 1139
013, 3c1,  961
014, 405, 1029
015, 40c, 1036
016, 478, 1144
017, 366,  870
018, 4f4, 1268
019, 39d,  925
020, 3b2,  946
021, 496, 1174
022, 374,  884
023, 3f8, 1016
024, 356,  854
025, 431, 1073
026, 394,  916
027, 415, 1045
028, 46b, 1131
029, 43c, 1084
030, 3b0,  944
031, 4bf, 1215
032, 45d, 1117
033, 480, 1152
034, 3fe, 1022
035, 4b5, 1205
036, 384,  900
037, 47b, 1147
038, 4ae, 1198
039, 4d8, 1240
040, 3d6,  982
041, 3c8,  968
042, 55f, 1375
043, 444, 1092
044, 429, 1065
045, 48d, 1165
046, 3c1,  961
047, 397,  919
048, 463, 1123
049, 3ed, 1005
050, 431, 1073
051, 3ac,  940
052, 49f, 1183
053, 43c, 1084
054, 48c, 1164
055, 453, 1107
056, 3c8,  968
057, 3aa,  938
058, 480, 1152
059, 3d3,  979
060, 3ac,  940
061, 42e, 1070
062, 413, 1043
063, 49c, 1180
064, 3a1,  929
065, 53c, 1340
066, 38f,  911
067, 3eb, 1003
068, 3c4,  964
069, 3d6,  982
070, 389,  905
071, 434, 1076
072, 4f6, 1270
073, 513, 1299
074, 448, 1096
075, 54a, 1354
076, 451, 1105
077, 44e, 1102
078, 434, 1076
079, 408, 1032
080, 440, 1088
081, 4dc, 1244
082, 40a, 1034
083, 3ae,  942
084, 40b, 1035
085, 46e, 1134
086, 465, 1125
087, 3fd, 1021
088, 3e9, 1001
089, 3d7,  983
090, 458, 1112
091, 416, 1046
092, 424, 1060
093, 4c5, 1221
094, 3e2,  994
095, 419, 1049
096, 3f6, 1014
097, 45d, 1117
098, 48b, 1163
099, 43c, 1084
100, 46d, 1133
101, 4c6, 1222
102, 3f1, 1009
103, 446, 1094
104, 3cd,  973
105, 4d2, 1234
106, 36b,  875
107, 3fa, 1018
108, 385,  901
109, 3ca,  970
110, 35f,  863
111, 444, 1092
112, 368,  872
113, 499, 1177
114, 37e,  894
115, 450, 1104
116, 38d,  909
117, 553, 1363
118, 3a4,  932
119, 44f, 1103
120, 364,  868
121, 420, 1056
122, 355,  853
123, 476, 1142
124, 390,  912
125, 44c, 1100
126, 3d4,  980
127, 4ba, 1210
128, 413, 1043
129, 3d4,  980
130, 3d7,  983
131, 41a, 1050
132, 43c, 1084
133, 3c9,  969
134, 3dc,  988
135, 399,  921
136, 4eb, 1259
137, 388,  904
138, 414, 1044
139, 42f, 1071
140, 464, 1124
141, 41b, 1051
142, 434, 1076
143, 3f7, 1015
144, 3c3,  963
145, 373,  883
146, 4f3, 1267
147, 416, 1046
148, 413, 1043
149, 3c0,  960
150, 468, 1128
151, 3b1,  945
152, 3fd, 1021
153, 408, 1032
154, 422, 1058
155, 340,  832
156, 4ec, 1260
157, 3cf,  975
158, 470, 1136
159, 3c7,  967
160, 496, 1174
161, 434, 1076
162, 495, 1173
163, 3b6,  950
164, 415, 1045
165, 348,  840
166, 53a, 1338
167, 367,  871
168, 3c9,  969
169, 35e,  862
170, 507, 1287
171, 3ea, 1002
172, 3f2, 1010
173, 497, 1175
174, 415, 1045
175, 373,  883
176, 3fc, 1020
177, 3f1, 1009
178, 35f,  863
179, 3a4,  932
180, 4a7, 1191
181, 3de,  990
182, 3fa, 1018
183, 4a6, 1190
184, 413, 1043
185, 3cd,  973
186, 450, 1104
187, 3d3,  979
188, 3ee, 1006
189, 3e3,  995
190, 4bd, 1213
191, 406, 1030
192, 445, 1093
193, 4af, 1199
194, 3f8, 1016
195, 3bb,  955
196, 44f, 1103
197, 390,  912
198, 436, 1078
199, 341,  833
200, 4d8, 1240
201, 35b,  859
202, 474, 1140
203, 479, 1145
204, 469, 1129
205, 317,  791
206, 464, 1124
207, 3a2,  930
208, 3bb,  955
209, 4d0, 1232
210, 424, 1060
211, 3ca,  970
212, 499, 1177
213, 43f, 1087
214, 454, 1108
215, 3cb,  971
216, 46f, 1135
217, 393,  915
218, 401, 1025
219, 417, 1047
220, 425, 1061
221, 46c, 1132
222, 3f5, 1013
223, 3ca,  970
224, 414, 1044
225, 395,  917
226, 42b, 1067
227, 3f4, 1012
228, 3cb,  971
229, 3d1,  977
230, 429, 1065
231, 3e0,  992
232, 3f7, 1015
233, 48f, 1167
234, 427, 1063
235, 3c6,  966
236, 465, 1125
237, 3f8, 1016
238, 442, 1090
239, 3ca,  970
240, 3fc, 1020
241, 426, 1062
242, 44b, 1099
243, 38f,  911
244, 47e, 1150
245, 3e4,  996
246, 450, 1104
247, 309,  777
248, 428, 1064
249, 38e,  910
250, 454, 1108
251, 389,  905
252, 45e, 1118
253, 374,  884
254, 430, 1072
255, 3ab,  939
Outputting DUNE WIB frame 7 information
104050452940431277
crate: 0 fiber: 0 slot: 0
000, 40a, 1034
001, 373,  883
002, 414, 1044
003, 382,  898
004, 42c, 1068
005, 36f,  879
006, 41c, 1052
007, 373,  883
008, 4a2, 1186
009, 38e,  910
010, 47e, 1150
011, 3e2,  994
012, 468, 1128
013, 3c7,  967
014, 3f6, 1014
015, 40b, 1035
016, 466, 1126
017, 37e,  894
018, 500, 1280
019, 3af,  943
020, 3b1,  945
021, 4a2, 1186
022, 379,  889
023, 400, 1024
024, 34a,  842
025, 431, 1073
026, 393,  915
027, 424, 1060
028, 45e, 1118
029, 443, 1091
030, 3a1,  929
031, 4c6, 1222
032, 465, 1125
033, 47a, 1146
034, 3ee, 1006
035, 4c7, 1223
036, 383,  899
037, 45f, 1119
038, 4b7, 1207
039, 4e7, 1255
040, 3d6,  982
041, 3d8,  984
042, 56d, 1389
043, 443, 1091
044, 41e, 1054
045, 493, 1171
046, 3c7,  967
047, 396,  918
048, 457, 1111
049, 3fc, 1020
050, 42a, 1066
051, 399,  921
052, 4b7, 1207
053, 42c, 1068
054, 483, 1155
055, 45b, 1115
056, 3da,  986
057, 3b6,  950
058, 470, 1136
059, 3dd,  989
060, 39d,  925
061, 429, 1065
062, 414, 1044
063, 48f, 1167
064, 39a,  922
065, 544, 1348
066, 3a4,  932
067, 3df,  991
068, 3c5,  965
069, 3c4,  964
070, 387,  903
071, 441, 1089
072, 4dc, 1244
073, 517, 1303
074, 45e, 1118
075, 541, 1345
076, 460, 1120
077, 464, 1124
078, 42e, 1070
079, 41f, 1055
080, 43f, 1087
081, 4e2, 1250
082, 409, 1033
083, 3b9,  953
084, 417, 1047
085, 46b, 1131
086, 461, 1121
087, 407, 1031
088, 3ec, 1004
089, 3db,  987
090, 43f, 1087
091, 411, 1041
092, 436, 1078
093, 4ae, 1198
094, 3e5,  997
095, 409, 1033
096, 3f5, 1013
097, 467, 1127
098, 485, 1157
099, 438, 1080
100, 475, 1141
101, 4c3, 1219
102, 3f9, 1017
103, 456, 1110
104, 3e1,  993
105, 4ca, 1226
106, 360,  864
107, 400, 1024
108, 381,  897
109, 3c0,  960
110, 36f,  879
111, 446, 1094
112, 363,  867
113, 49a, 1178
114, 377,  887
115, 441, 1089
116, 392,  914
117, 556, 1366
118, 3a3,  931
119, 455, 1109
120, 35e,  862
121, 42c, 1068
122, 356,  854
123, 485, 1157
124, 395,  917
125, 450, 1104
126, 3c4,  964
127, 4b4, 1204
128, 429, 1065
129, 3a6,  934
130, 3da,  986
131, 405, 1029
132, 444, 1092
133, 3cf,  975
134, 3ea, 1002
135, 39f,  927
136, 4f8, 1272
137, 38a,  906
138, 418, 1048
139, 428, 1064
140, 453, 1107
141, 43b, 1083
142, 43e, 1086
143, 3f5, 1013
144, 3cb,  971
145, 383,  899
146, 4ed, 1261
147, 402, 1026
148, 417, 1047
149, 3b6,  950
150, 47c, 1148
151, 3ac,  940
152, 410, 1040
153, 3f5, 1013
154, 424, 1060
155, 359,  857
156, 506, 1286
157, 3b5,  949
158, 481, 1153
159, 3cd,  973
160, 47d, 1149
161, 439, 1081
162, 486, 1158
163, 3be,  958
164, 40d, 1037
165, 354,  852
166, 53b, 1339
167, 37f,  895
168, 3dc,  988
169, 365,  869
170, 4fb, 1275
171, 3ed, 1005
172, 3fe, 1022
173, 4b0, 1200
174, 40d, 1037
175, 39f,  927
176, 3ea, 1002
177, 3f6, 1014
178, 35e,  862
179, 3ad,  941
180, 49b, 1179
181, 3d2,  978
182, 423, 1059
183, 4b9, 1209
184, 40f, 1039
185, 3db,  987
186, 449, 1097
187, 3eb, 1003
188, 3ea, 1002
189, 3db,  987
190, 4b4, 1204
191, 40b, 1035
192, 458, 1112
193, 4ca, 1226
194, 3f0, 1008
195, 3ba,  954
196, 42d, 1069
197, 387,  903
198, 420, 1056
199, 328,  808
200, 4f5, 1269
201, 363,  867
202, 471, 1137
203, 473, 1139
204, 465, 1125
205, 311,  785
206, 462, 1122
207, 381,  897
208, 3b7,  951
209, 4ce, 1230
210, 417, 1047
211, 3c6,  966
212, 493, 1171
213, 443, 1091
214, 44c, 1100
215, 3da,  986
216, 476, 1142
217, 39e,  926
218, 3fd, 1021
219, 419, 1049
220, 41a, 1050
221, 479, 1145
222, 3fc, 1020
223, 3bd,  957
224, 41f, 1055
225, 392,  914
226, 42f, 1071
227, 400, 1024
228, 3c0,  960
229, 3be,  958
230, 427, 1063
231, 3e4,  996
232, 3fb, 1019
233, 49a, 1178
234, 422, 1058
235, 3c1,  961
236, 469, 1129
237, 3f2, 1010
238, 446, 1094
239, 3d2,  978
240, 3fa, 1018
241, 422, 1058
242, 445, 1093
243, 38d,  909
244, 476, 1142
245, 3e9, 1001
246, 453, 1107
247, 314,  788
248, 416, 1046
249, 397,  919
250, 454, 1108
251, 391,  913
252, 458, 1112
253, 377,  887
254, 433, 1075
255, 3af,  943
Outputting DUNE WIB frame 8 information
104050452940431309
crate: 0 fiber: 0 slot: 0
000, 400, 1024
001, 375,  885
002, 406, 1030
003, 37d,  893
004, 430, 1072
005, 378,  888
006, 40d, 1037
007, 373,  883
008, 4b4, 1204
009, 38f,  911
010, 479, 1145
011, 3e7,  999
012, 451, 1105
013, 3c9,  969
014, 3f2, 1010
015, 402, 1026
016, 449, 1097
017, 39e,  926
018, 50a, 1290
019, 3af,  943
020, 3b1,  945
021, 49d, 1181
022, 389,  905
023, 40f, 1039
024, 343,  835
025, 427, 1063
026, 39a,  922
027, 42d, 1069
028, 44c, 1100
029, 447, 1095
030, 39c,  924
031, 4d5, 1237
032, 464, 1124
033, 475, 1141
034, 3dc,  988
035, 4d3, 1235
036, 380,  896
037, 43e, 1086
038, 4b5, 1205
039, 4e7, 1255
040, 3df,  991
041, 3e4,  996
042, 562, 1378
043, 445, 1093
044, 403, 1027
045, 4a3, 1187
046, 3d0,  976
047, 3a1,  929
048, 43c, 1084
049, 3f8, 1016
050, 416, 1046
051, 387,  903
052, 4d5, 1237
053, 41b, 1051
054, 46f, 1135
055, 47e, 1150
056, 3e3,  995
057, 3b4,  948
058, 46a, 1130
059, 3e2,  994
060, 389,  905
061, 419, 1049
062, 419, 1049
063, 47c, 1148
064, 3a3,  931
065, 536, 1334
066, 3b9,  953
067, 3d3,  979
068, 3c7,  967
069, 3a2,  930
070, 38f,  911
071, 456, 1110
072, 4c3, 1219
073, 526, 1318
074, 471, 1137
075, 53d, 1341
076, 470, 1136
077, 473, 1139
078, 419, 1049
079, 42f, 1071
080, 44b, 1099
081, 4e2, 1250
082, 40f, 1039
083, 3cd,  973
084, 427, 1063
085, 46a, 1130
086, 467, 1127
087, 413, 1043
088, 402, 1026
089, 3d6,  982
090, 426, 1062
091, 402, 1026
092, 43b, 1083
093, 4a1, 1185
094, 3f1, 1009
095, 3f8, 1016
096, 3f3, 1011
097, 467, 1127
098, 47e, 1150
099, 434, 1076
100, 481, 1153
101, 4be, 1214
102, 3fa, 1018
103, 44a, 1098
104, 3ed, 1005
105, 4c5, 1221
106, 34d,  845
107, 40f, 1039
108, 375,  885
109, 3c0,  960
110, 373,  883
111, 44c, 1100
112, 355,  853
113, 4a2, 1186
114, 36d,  877
115, 433, 1075
116, 396,  918
117, 55d, 1373
118, 3a3,  931
119, 448, 1096
120, 356,  854
121, 43e, 1086
122, 355,  853
123, 482, 1154
124, 399,  921
125, 44b, 1099
126, 3b0,  944
127, 49d, 1181
128, 439, 1081
129, 387,  903
130, 3de,  990
131, 3fd, 1021
132, 446, 1094
133, 3c5,  965
134, 402, 1026
135, 39f,  927
136, 506, 1286
137, 39b,  923
138, 41a, 1050
139, 420, 1056
140, 43c, 1084
141, 44e, 1102
142, 447, 1095
143, 3e4,  996
144, 3d1,  977
145, 391,  913
146, 4e6, 1254
147, 3ef, 1007
148, 411, 1041
149, 3b4,  948
150, 486, 1158
151, 3b9,  953
152, 417, 1047
153, 3ed, 1005
154, 41b, 1051
155, 368,  872
156, 522, 1314
157, 3ac,  940
158, 497, 1175
159, 3e2,  994
160, 45a, 1114
161, 41a, 1050
162, 488, 1160
163, 3ad,  941
164, 411, 1041
165, 36a,  874
166, 530, 1328
167, 383,  899
168, 3e8, 1000
169, 36d,  877
170, 4e9, 1257
171, 3f8, 1016
172, 3fd, 1021
173, 4ba, 1210
174, 411, 1041
175, 3c4,  964
176, 3dc,  988
177, 3ff, 1023
178, 361,  865
179, 3b8,  952
180, 4a0, 1184
181, 3cd,  973
182, 441, 1089
183, 4bf, 1215
184, 411, 1041
185, 3d7,  983
186, 448, 1096
187, 3f3, 1011
188, 3e8, 1000
189, 3cc,  972
190, 4b4, 1204
191, 41b, 1051
192, 451, 1105
193, 4d8, 1240
194, 3f3, 1011
195, 3b6,  950
196, 422, 1058
197, 37f,  895
198, 415, 1045
199, 31d,  797
200, 4f4, 1268
201, 36f,  879
202, 470, 1136
203, 475, 1141
204, 45e, 1118
205, 316,  790
206, 44e, 1102
207, 378,  888
208, 3bf,  959
209, 4c9, 1225
210, 40b, 1035
211, 3c1,  961
212, 490, 1168
213, 43a, 1082
214, 43e, 1086
215, 3da,  986
216, 48a, 1162
217, 38d,  909
218, 402, 1026
219, 419, 1049
220, 415, 1045
221, 47c, 1148
222, 3ff, 1023
223, 3b7,  951
224, 426, 1062
225, 390,  912
226, 42e, 1070
227, 405, 1029
228, 3c1,  961
229, 3b2,  946
230, 428, 1064
231, 3e6,  998
232, 40b, 1035
233, 49d, 1181
234, 42a, 1066
235, 3c0,  960
236, 45a, 1114
237, 3f9, 1017
238, 444, 1092
239, 3d8,  984
240, 3e1,  993
241, 42c, 1068
242, 453, 1107
243, 38c,  908
244, 46d, 1133
245, 3ed, 1005
246, 45c, 1116
247, 316,  790
248, 40d, 1037
249, 397,  919
250, 45c, 1116
251, 392,  914
252, 453, 1107
253, 373,  883
254, 438, 1080
255, 3ad,  941
Outputting DUNE WIB frame 9 information
104050452940431341
crate: 0 fiber: 0 slot: 0
000, 3f5, 1013
001, 390,  912
002, 3fb, 1019
003, 384,  900
004, 433, 1075
005, 38d,  909
006, 403, 1027
007, 390,  912
008, 4be, 1214
009, 37e,  894
010, 485, 1157
011, 3f0, 1008
012, 441, 1089
013, 3cf,  975
014, 3e8, 1000
015, 3e8, 1000
016, 434, 1076
017, 3b6,  950
018, 524, 1316
019, 3a7,  935
020, 3ae,  942
021, 492, 1170
022, 38b,  907
023, 421, 1057
024, 33a,  826
025, 41a, 1050
026, 3a4,  932
027, 426, 1062
028, 443, 1091
029, 451, 1105
030, 392,  914
031, 4e1, 1249
032, 465, 1125
033, 470, 1136
034, 3d2,  978
035, 4e6, 1254
036, 37f,  895
037, 42a, 1066
038, 4b3, 1203
039, 4eb, 1259
040, 3f4, 1012
041, 3e6,  998
042, 55b, 1371
043, 438, 1080
044, 3f5, 1013
045, 4bc, 1212
046, 3df,  991
047, 3ad,  941
048, 429, 1065
049, 3fc, 1020
050, 413, 1043
051, 383,  899
052, 4dc, 1244
053, 40f, 1039
054, 45c, 1116
055, 4a1, 1185
056, 3f4, 1012
057, 3a9,  937
058, 477, 1143
059, 3db,  987
060, 386,  902
061, 415, 1045
062, 422, 1058
063, 46b, 1131
064, 3ad,  941
065, 521, 1313
066, 3c4,  964
067, 3c1,  961
068, 3c6,  966
069, 38c,  908
070, 395,  917
071, 468, 1128
072, 4b0, 1200
073, 540, 1344
074, 463, 1123
075, 533, 1331
076, 48b, 1163
077, 46b, 1131
078, 3fb, 1019
079, 42d, 1069
080, 448, 1096
081, 4cf, 1231
082, 410, 1040
083, 3dd,  989
084, 42b, 1067
085, 468, 1128
086, 469, 1129
087, 424, 1060
088, 412, 1042
089, 3c6,  966
090, 421, 1057
091, 402, 1026
092, 440, 1088
093, 4a1, 1185
094, 3f0, 1008
095, 3f9, 1017
096, 3f5, 1013
097, 459, 1113
098, 46c, 1132
099, 43d, 1085
100, 48d, 1165
101, 4b1, 1201
102, 3fe, 1022
103, 432, 1074
104, 3e5,  997
105, 4ba, 1210
106, 346,  838
107, 428, 1064
108, 371,  881
109, 3d3,  979
110, 36e,  878
111, 44a, 1098
112, 33f,  831
113, 49e, 1182
114, 357,  855
115, 42a, 1066
116, 394,  916
117, 559, 1369
118, 398,  920
119, 447, 1095
120, 350,  848
121, 453, 1107
122, 35f,  863
123, 480, 1152
124, 39c,  924
125, 449, 1097
126, 3a9,  937
127, 48a, 1162
128, 447, 1095
129, 391,  913
130, 3e3,  995
131, 401, 1025
132, 453, 1107
133, 3b1,  945
134, 41d, 1053
135, 397,  919
136, 516, 1302
137, 3a7,  935
138, 424, 1060
139, 416, 1046
140, 428, 1064
141, 43b, 1083
142, 44c, 1100
143, 3c7,  967
144, 3e0,  992
145, 3a4,  932
146, 4eb, 1259
147, 3f0, 1008
148, 3fc, 1020
149, 3aa,  938
150, 486, 1158
151, 3c0,  960
152, 401, 1025
153, 3f6, 1014
154, 40b, 1035
155, 370,  880
156, 534, 1332
157, 3b1,  945
158, 4a4, 1188
159, 3f9, 1017
160, 445, 1093
161, 400, 1024
162, 492, 1170
163, 3a3,  931
164, 420, 1056
165, 37e,  894
166, 522, 1314
167, 375,  885
168, 3cc,  972
169, 37a,  890
170, 4e6, 1254
171, 3e5,  997
172, 3fe, 1022
173, 4d3, 1235
174, 41f, 1055
175, 3c4,  964
176, 3d1,  977
177, 409, 1033
178, 36e,  878
179, 3c6,  966
180, 4a6, 1190
181, 3cd,  973
182, 43c, 1084
183, 4ce, 1230
184, 40c, 1036
185, 3dc,  988
186, 44e, 1102
187, 3f6, 1014
188, 3e9, 1001
189, 3b3,  947
190, 4d6, 1238
191, 42c, 1068
192, 446, 1094
193, 4d5, 1237
194, 3f8, 1016
195, 3ad,  941
196, 40a, 1034
197, 37b,  891
198, 422, 1058
199, 321,  801
200, 4e2, 1250
201, 36e,  878
202, 473, 1139
203, 474, 1140
204, 460, 1120
205, 319,  793
206, 43c, 1084
207, 383,  899
208, 3d8,  984
209, 4cb, 1227
210, 3f8, 1016
211, 3c3,  963
212, 489, 1161
213, 439, 1081
214, 438, 1080
215, 3d1,  977
216, 492, 1170
217, 37e,  894
218, 3fa, 1018
219, 415, 1045
220, 414, 1044
221, 478, 1144
222, 405, 1029
223, 3b4,  948
224, 420, 1056
225, 389,  905
226, 427, 1063
227, 406, 1030
228, 3cc,  972
229, 3b7,  951
230, 433, 1075
231, 3e4,  996
232, 417, 1047
233, 4a1, 1185
234, 429, 1065
235, 3b9,  953
236, 44a, 1098
237, 3fc, 1020
238, 453, 1107
239, 3d5,  981
240, 3d5,  981
241, 42b, 1067
242, 468, 1128
243, 38c,  908
244, 46a, 1130
245, 3e4,  996
246, 467, 1127
247, 31a,  794
248, 40b, 1035
249, 397,  919
250, 45a, 1114
251, 397,  919
252, 453, 1107
253, 371,  881
254, 43f, 1087
255, 3af,  943
Output is /nfs/rscratch/cacox/WIB2.out.
